rho_0=0.100000
0.000000 0.000000 0.000000 0.000000 0.000000 0.000000 0.000000 0.000000 0.000000 0.000000 0.000000 0.000000 0.000000 0.000000 0.000000 0.000000 0.000000 0.000000 0.000000 0.000000 0.000000 0.000000 0.000000 0.087683 0.168557 0.145513 0.184455 0.319945 0.132825 0.037998 0.027122 0.020863 0.017059 0.017484 0.012488 0.015908 0.019403 0.012408 0.011997 0.010208 0.010164 0.009231 0.011227 0.010807 0.009263 0.009833 0.007021 0.008381 0.008644 0.007083 0.008581 
0.000000 0.000000 0.000000 0.000000 0.000000 0.000000 0.000000 0.000000 0.000000 0.000000 0.000000 0.000000 0.000000 0.000000 0.000000 0.000000 0.000000 0.000000 0.000000 0.000000 0.058779 0.074561 0.240026 0.044953 0.033036 0.041170 0.039426 0.020146 0.025624 0.014513 0.018923 0.018952 0.013198 0.019187 0.018496 0.012650 0.008115 0.016903 0.011230 0.012876 0.014207 0.011240 0.010496 0.011773 0.010017 0.007469 0.008969 0.006977 0.009626 0.007497 0.008447 
0.000000 0.000000 0.000000 0.000000 0.000000 0.000000 0.000000 0.000000 0.000000 0.000000 0.000000 0.000000 0.000000 0.000000 0.000000 0.000000 0.000000 0.000000 0.000000 0.000000 0.190676 0.128349 0.094345 0.023271 0.053202 0.026153 0.022362 0.027165 0.022162 0.030837 0.021983 0.019243 0.021963 0.023019 0.015176 0.009082 0.014522 0.015007 0.015014 0.009971 0.014779 0.009454 0.009317 0.009695 0.010929 0.006973 0.010879 0.007627 0.007534 0.007122 0.008794 
0.000000 0.000000 0.000000 0.000000 0.000000 0.000000 0.000000 0.000000 0.000000 0.000000 0.000000 0.000000 0.000000 0.000000 0.000000 0.000000 0.000000 0.000000 0.000000 0.000000 0.259453 0.085168 0.075896 0.052059 0.025938 0.051653 0.031916 0.033912 0.048836 0.014015 0.013191 0.021495 0.026403 0.012280 0.018251 0.014196 0.018043 0.011693 0.008526 0.010518 0.011127 0.013419 0.008119 0.011541 0.009296 0.008342 0.008710 0.008969 0.007505 0.007367 0.006242 
0.000000 0.000000 0.000000 0.000000 0.000000 0.000000 0.000000 0.000000 0.000000 0.000000 0.000000 0.000000 0.000000 0.000000 0.000000 0.000000 0.000000 0.000000 0.000000 0.000000 0.390503 0.390429 0.049385 0.043773 0.071732 0.023960 0.030122 0.021262 0.024179 0.025954 0.019971 0.014702 0.014242 0.016503 0.012253 0.009803 0.012804 0.013855 0.011705 0.011501 0.014934 0.011077 0.010370 0.007847 0.007951 0.008439 0.009319 0.008820 0.006655 0.007541 0.008080 
0.000000 0.000000 0.000000 0.000000 0.000000 0.000000 0.000000 0.000000 0.000000 0.000000 0.000000 0.000000 0.000000 0.000000 0.000000 0.000000 0.000000 0.000000 0.057291 0.140980 0.000000 0.065273 0.053496 0.039777 0.027308 0.041298 0.046089 0.020086 0.025433 0.022748 0.018058 0.027246 0.010591 0.013101 0.016124 0.012466 0.013422 0.010793 0.010470 0.009488 0.010916 0.007809 0.008491 0.011529 0.008763 0.007449 0.008400 0.007931 0.005939 0.006836 0.008122 




rho_0=0.900000
0.000000 0.000000 0.000000 0.000000 0.000000 0.000000 0.000000 0.000000 0.000000 0.000000 0.000000 0.000000 0.000000 0.000000 0.000000 0.000000 0.000000 0.000000 0.000000 0.000000 0.000000 0.188847 0.163912 0.149955 0.197260 0.281523 0.130479 0.267736 0.031771 0.134183 0.034930 0.030034 0.027565 0.015660 0.015596 0.014243 0.014431 0.012950 0.014620 0.008959 0.010778 0.010101 0.010561 0.008942 0.007937 0.008512 0.007898 0.007868 0.006315 0.007062 0.008009 
0.000000 0.000000 0.000000 0.000000 0.000000 0.000000 0.000000 0.000000 0.000000 0.000000 0.000000 0.000000 0.000000 0.000000 0.000000 0.000000 0.000000 0.000000 0.000000 0.112726 0.057711 0.085600 0.041143 0.030990 0.034086 0.021914 0.031743 0.023724 0.021970 0.020697 0.012983 0.013019 0.013302 0.013319 0.018772 0.012788 0.010514 0.014107 0.008601 0.012838 0.010444 0.007303 0.010634 0.010245 0.011727 0.008767 0.008489 0.009600 0.007532 0.008469 0.008378 
0.000000 0.000000 0.000000 0.000000 0.000000 0.000000 0.000000 0.000000 0.000000 0.000000 0.000000 0.000000 0.000000 0.000000 0.000000 0.000000 0.000000 0.000000 0.000000 0.157439 0.267686 0.090844 0.103171 0.055817 0.052066 0.041008 0.029274 0.045549 0.015499 0.018154 0.019237 0.018110 0.015297 0.011780 0.015118 0.019410 0.012648 0.012516 0.011156 0.012496 0.013392 0.008623 0.008673 0.008533 0.009063 0.006822 0.009998 0.009018 0.008036 0.005929 0.006088 
0.000000 0.000000 0.000000 0.000000 0.000000 0.000000 0.000000 0.000000 0.000000 0.000000 0.000000 0.000000 0.000000 0.000000 0.000000 0.000000 0.000000 0.000000 0.000000 0.000000 0.291861 0.060043 0.041249 0.060254 0.065816 0.032286 0.017812 0.025804 0.023657 0.016243 0.019935 0.017986 0.018776 0.015021 0.012450 0.013787 0.013160 0.013595 0.010583 0.011563 0.010083 0.007817 0.009943 0.011252 0.009165 0.012781 0.008163 0.010581 0.008401 0.008570 0.006111 
0.000000 0.000000 0.000000 0.000000 0.000000 0.000000 0.000000 0.000000 0.000000 0.000000 0.000000 0.000000 0.000000 0.000000 0.000000 0.000000 0.000000 0.000000 0.000000 0.000000 0.464852 0.106273 0.159830 0.060723 0.053475 0.025084 0.065326 0.027962 0.025480 0.030792 0.018282 0.021638 0.016105 0.019813 0.012800 0.010533 0.008020 0.013566 0.012961 0.011405 0.012907 0.008872 0.007789 0.009623 0.013633 0.009147 0.010796 0.010314 0.006441 0.008892 0.007454 
0.000000 0.000000 0.000000 0.000000 0.000000 0.000000 0.000000 0.000000 0.000000 0.000000 0.000000 0.000000 0.000000 0.000000 0.000000 0.000000 0.000000 0.000000 0.000000 0.000000 0.355262 0.305939 0.094082 0.032877 0.024670 0.042258 0.023903 0.033210 0.026293 0.016980 0.019916 0.020622 0.020655 0.012782 0.016449 0.011767 0.012374 0.013990 0.012688 0.012067 0.011481 0.006583 0.011673 0.007499 0.009244 0.009204 0.007665 0.008988 0.007383 0.007561 0.008999 




