rho_0=0.100000
0.000000 0.000000 0.000000 0.000000 0.000000 0.000000 0.000000 0.000000 0.000000 0.000000 0.000000 0.000000 0.000000 0.000000 0.000000 0.000000 0.000000 0.000000 0.000000 0.000000 0.000000 0.000000 0.000000 0.000000 0.000000 0.000000 0.000000 0.000000 0.000000 0.000000 0.000000 0.000000 0.000000 0.000000 0.000000 0.000000 0.000000 0.000000 0.000000 0.000000 0.000000 0.000000 0.000000 0.000000 0.000000 0.000000 0.000000 0.000000 0.000000 0.000000 0.000000 
0.000000 0.000000 0.000000 0.000000 0.000000 0.000000 0.000000 0.000000 0.000000 0.000000 0.000000 0.000000 0.000000 0.000000 0.000000 0.000000 0.000000 0.000000 0.000000 0.000000 0.000000 0.000000 0.000000 0.000000 0.000000 0.000000 0.000000 0.000000 0.000000 0.000000 0.000000 0.000000 0.000000 0.000000 0.000000 0.000000 0.000000 0.000000 0.000000 0.000000 0.000000 0.000000 0.000000 0.000000 0.000000 0.000000 0.000000 0.000000 0.000000 0.000000 0.229013 
0.000000 0.000000 0.000000 0.000000 0.000000 0.000000 0.000000 0.000000 0.000000 0.000000 0.000000 0.000000 0.000000 0.000000 0.000000 0.000000 0.000000 0.000000 0.000000 0.000000 0.000000 0.000000 0.000000 0.000000 0.000000 0.069057 0.845867 0.088438 0.105857 0.046678 0.067408 0.031227 0.043352 0.013414 0.022193 0.022762 0.021624 0.021488 0.013081 0.021195 0.023257 0.016366 0.015342 0.015896 0.016462 0.011325 0.013456 0.010177 0.010213 0.009329 0.010417 
0.000000 0.000000 0.000000 0.000000 0.000000 0.000000 0.000000 0.000000 0.000000 0.000000 0.000000 0.000000 0.000000 0.000000 0.000000 0.000000 0.000000 0.088305 0.153340 0.111808 0.034591 0.041265 0.019490 0.023440 0.028636 0.017773 0.013624 0.017320 0.014098 0.014535 0.011951 0.011506 0.012512 0.008579 0.008967 0.007877 0.007894 0.006347 0.009264 0.007881 0.007862 0.006017 0.006511 0.005937 0.006901 0.006910 0.007532 0.005399 0.005775 0.006331 0.006127 
0.000000 0.000000 0.000000 0.000000 0.000000 0.000000 0.000000 0.000000 0.000000 0.000000 0.000000 0.000000 0.000000 0.125977 0.082425 0.019304 0.030990 0.030332 0.027423 0.014954 0.022305 0.011433 0.012404 0.012007 0.011765 0.009963 0.011014 0.010243 0.008655 0.007896 0.007640 0.007255 0.007347 0.008496 0.005320 0.006245 0.007483 0.006242 0.005174 0.004996 0.005227 0.006278 0.004814 0.005502 0.004280 0.003855 0.003508 0.005180 0.004871 0.003596 0.003818 
0.000000 0.000000 0.000000 0.000000 0.000000 0.000000 0.000000 0.000000 0.000000 0.000000 0.186722 0.094305 0.029170 0.049962 0.015125 0.015941 0.018192 0.019053 0.014541 0.009832 0.008449 0.008507 0.008174 0.009631 0.007340 0.007656 0.006161 0.007191 0.004229 0.005879 0.004686 0.005399 0.005102 0.005389 0.005005 0.004600 0.004145 0.003994 0.003616 0.004216 0.004200 0.004351 0.003801 0.003606 0.003776 0.003660 0.002822 0.002998 0.003343 0.002738 0.003268 




rho_0=0.900000
0.000000 0.000000 0.000000 0.000000 0.000000 0.000000 0.000000 0.000000 0.000000 0.000000 0.000000 0.000000 0.000000 0.000000 0.000000 0.000000 0.000000 0.000000 0.000000 0.000000 0.000000 0.000000 0.000000 0.000000 0.000000 0.000000 0.000000 0.000000 0.000000 0.000000 0.000000 0.000000 0.000000 0.000000 0.000000 0.000000 0.000000 0.000000 0.000000 0.000000 0.000000 0.000000 0.000000 0.000000 0.000000 0.000000 0.000000 0.000000 0.000000 0.000000 0.000000 
0.000000 0.000000 0.000000 0.000000 0.000000 0.000000 0.000000 0.000000 0.000000 0.000000 0.000000 0.000000 0.000000 0.000000 0.000000 0.000000 0.000000 0.000000 0.000000 0.000000 0.000000 0.000000 0.000000 0.000000 0.000000 0.000000 0.000000 0.000000 0.000000 0.000000 0.000000 0.000000 0.000000 0.000000 0.000000 0.000000 0.000000 0.000000 0.000000 0.000000 0.000000 0.000000 0.000000 0.000000 0.000000 0.000000 0.000000 0.000000 0.000000 0.000000 0.207974 
0.000000 0.000000 0.000000 0.000000 0.000000 0.000000 0.000000 0.000000 0.000000 0.000000 0.000000 0.000000 0.000000 0.000000 0.000000 0.000000 0.000000 0.000000 0.000000 0.000000 0.000000 0.000000 0.000000 0.000000 0.053046 0.248441 0.060962 0.094806 0.089225 0.026152 0.026456 0.025070 0.020552 0.018611 0.023770 0.013850 0.022719 0.014276 0.021421 0.012927 0.018391 0.013832 0.015392 0.013357 0.010612 0.009594 0.016254 0.014752 0.011512 0.010923 0.009183 
0.000000 0.000000 0.000000 0.000000 0.000000 0.000000 0.000000 0.000000 0.000000 0.000000 0.000000 0.000000 0.000000 0.000000 0.000000 0.000000 0.088516 0.178159 0.078403 0.041253 0.066960 0.033879 0.029490 0.026456 0.023573 0.014683 0.022213 0.022546 0.012612 0.010332 0.010734 0.011617 0.014990 0.009917 0.009556 0.009013 0.010741 0.007730 0.008160 0.009432 0.007749 0.006176 0.007715 0.006991 0.007207 0.006173 0.005472 0.006590 0.007606 0.006011 0.006478 
0.000000 0.000000 0.000000 0.000000 0.000000 0.000000 0.000000 0.000000 0.000000 0.000000 0.000000 0.000000 0.000000 0.111541 0.041764 0.049081 0.050217 0.023776 0.016488 0.021025 0.018657 0.012328 0.012484 0.009137 0.007878 0.010861 0.008354 0.009131 0.008271 0.008538 0.007143 0.006349 0.007420 0.007193 0.006533 0.007442 0.005348 0.005019 0.004586 0.006489 0.005194 0.005620 0.005255 0.004685 0.004737 0.003787 0.004463 0.004032 0.003489 0.003961 0.004127 
0.000000 0.000000 0.000000 0.000000 0.000000 0.000000 0.000000 0.000000 0.000000 0.000000 0.232167 0.040102 0.058041 0.034367 0.038302 0.018376 0.012923 0.013549 0.008834 0.008491 0.011146 0.009862 0.008342 0.007119 0.007714 0.006968 0.005969 0.006321 0.006175 0.004853 0.005808 0.005179 0.004921 0.004912 0.004929 0.005200 0.004613 0.004187 0.003681 0.004669 0.003474 0.003748 0.004138 0.003536 0.003374 0.003434 0.003346 0.003648 0.003274 0.003418 0.003263 




