rho_0=0.100000
0.000000 0.000000 0.000000 0.000000 0.000000 0.000000 0.000000 0.000000 0.000000 0.000000 0.000000 0.000000 0.000000 0.000000 0.000000 0.000000 0.000000 0.000000 0.000000 0.000000 0.000000 0.028194 0.044706 0.185070 0.338839 0.135559 0.187622 0.137123 0.131613 0.019863 0.028269 0.030436 0.030308 0.014414 0.015171 0.011200 0.013161 0.014381 0.009873 0.010491 0.010745 0.010436 0.012299 0.009477 0.009441 0.009841 0.009900 0.006349 0.008240 0.004984 0.005992 
0.000000 0.000000 0.000000 0.000000 0.000000 0.000000 0.000000 0.000000 0.000000 0.000000 0.000000 0.000000 0.000000 0.000000 0.000000 0.000000 0.000000 0.000000 0.000000 0.000000 0.173469 0.088386 0.131413 0.039084 0.052047 0.020658 0.035764 0.020378 0.028900 0.024835 0.019506 0.015685 0.017744 0.014250 0.018102 0.008931 0.013050 0.008650 0.014168 0.011576 0.011258 0.011527 0.011462 0.011449 0.006283 0.009025 0.011849 0.009384 0.007759 0.009968 0.008729 
0.000000 0.000000 0.000000 0.000000 0.000000 0.000000 0.000000 0.000000 0.000000 0.000000 0.000000 0.000000 0.000000 0.000000 0.000000 0.000000 0.000000 0.000000 0.000000 0.000000 0.354830 0.126613 0.176445 0.045714 0.036634 0.023534 0.020360 0.030864 0.019596 0.018097 0.017344 0.013330 0.012906 0.018473 0.018043 0.015042 0.009680 0.014967 0.007523 0.011788 0.008023 0.011858 0.008320 0.008490 0.010898 0.007439 0.007858 0.009055 0.009174 0.009336 0.008833 
0.000000 0.000000 0.000000 0.000000 0.000000 0.000000 0.000000 0.000000 0.000000 0.000000 0.000000 0.000000 0.000000 0.000000 0.000000 0.000000 0.000000 0.000000 0.000000 0.158111 0.138084 0.156483 0.044073 0.083814 0.042257 0.029860 0.035021 0.027104 0.016949 0.019508 0.029587 0.016775 0.013285 0.018129 0.013056 0.013688 0.014177 0.010724 0.010342 0.008022 0.010027 0.009484 0.007192 0.005896 0.010275 0.007424 0.006091 0.008250 0.007368 0.009082 0.007780 
0.000000 0.000000 0.000000 0.000000 0.000000 0.000000 0.000000 0.000000 0.000000 0.000000 0.000000 0.000000 0.000000 0.000000 0.000000 0.000000 0.000000 0.000000 0.000000 0.000000 0.017989 0.148987 0.082802 0.068285 0.047211 0.044857 0.026306 0.013533 0.021766 0.035382 0.016269 0.019851 0.020452 0.017169 0.014594 0.013364 0.012134 0.010450 0.010994 0.010955 0.008473 0.009059 0.009279 0.009572 0.010432 0.008028 0.008494 0.008354 0.008591 0.009145 0.006150 
0.000000 0.000000 0.000000 0.000000 0.000000 0.000000 0.000000 0.000000 0.000000 0.000000 0.000000 0.000000 0.000000 0.000000 0.000000 0.000000 0.000000 0.000000 0.000000 0.000000 0.228148 0.096601 0.077781 0.055731 0.031795 0.032599 0.028213 0.011188 0.018159 0.026113 0.013299 0.013855 0.013424 0.018820 0.013792 0.010653 0.010878 0.010167 0.012145 0.013642 0.011172 0.009372 0.009237 0.009510 0.007725 0.008163 0.007570 0.007362 0.007304 0.006207 0.006751 




rho_0=0.900000
0.000000 0.000000 0.000000 0.000000 0.000000 0.000000 0.000000 0.000000 0.000000 0.000000 0.000000 0.000000 0.000000 0.000000 0.000000 0.000000 0.000000 0.000000 0.000000 0.000000 0.000000 0.045831 0.215042 0.291517 0.418508 0.302877 0.152120 0.111370 0.071330 0.076237 0.030866 0.020760 0.020725 0.014277 0.017318 0.013598 0.015665 0.009777 0.016809 0.013112 0.009738 0.008314 0.010645 0.010914 0.010409 0.011063 0.008059 0.008996 0.006974 0.007918 0.008077 
0.000000 0.000000 0.000000 0.000000 0.000000 0.000000 0.000000 0.000000 0.000000 0.000000 0.000000 0.000000 0.000000 0.000000 0.000000 0.000000 0.000000 0.000000 0.010852 0.000000 0.160292 0.559275 0.107875 0.057558 0.031708 0.036217 0.029884 0.033171 0.023869 0.018575 0.021122 0.020298 0.024552 0.018337 0.016729 0.013410 0.011598 0.010581 0.013665 0.007935 0.012162 0.009157 0.008141 0.008494 0.008707 0.007553 0.011354 0.007357 0.008195 0.008571 0.007612 
0.000000 0.000000 0.000000 0.000000 0.000000 0.000000 0.000000 0.000000 0.000000 0.000000 0.000000 0.000000 0.000000 0.000000 0.000000 0.000000 0.000000 0.000000 0.000000 0.000000 0.000000 0.066022 0.052301 0.034526 0.043687 0.043780 0.037384 0.019489 0.038726 0.015374 0.026162 0.017116 0.012924 0.011852 0.012053 0.013113 0.012896 0.011805 0.011619 0.011985 0.010842 0.008486 0.009001 0.010135 0.008078 0.008397 0.008310 0.009977 0.010468 0.006522 0.004883 
0.000000 0.000000 0.000000 0.000000 0.000000 0.000000 0.000000 0.000000 0.000000 0.000000 0.000000 0.000000 0.000000 0.000000 0.000000 0.000000 0.000000 0.000000 0.000000 0.000000 0.155682 0.202242 0.070868 0.021207 0.031374 0.042651 0.034787 0.021207 0.016349 0.025863 0.014518 0.019294 0.020420 0.010480 0.014420 0.014077 0.018965 0.010675 0.009621 0.009350 0.013326 0.011876 0.007974 0.007855 0.008714 0.008164 0.008052 0.005842 0.007961 0.007731 0.007756 
0.000000 0.000000 0.000000 0.000000 0.000000 0.000000 0.000000 0.000000 0.000000 0.000000 0.000000 0.000000 0.000000 0.000000 0.000000 0.000000 0.000000 0.000000 0.000000 0.043873 0.000000 0.060179 0.129440 0.058082 0.055675 0.025774 0.026593 0.027806 0.027331 0.019194 0.012422 0.016343 0.016612 0.016344 0.015567 0.012908 0.010681 0.012938 0.008351 0.009699 0.008307 0.008890 0.008576 0.008008 0.010325 0.009497 0.009191 0.007213 0.008027 0.006895 0.007643 
0.000000 0.000000 0.000000 0.000000 0.000000 0.000000 0.000000 0.000000 0.000000 0.000000 0.000000 0.000000 0.000000 0.000000 0.000000 0.000000 0.000000 0.000000 0.000000 0.000000 0.156114 0.169485 0.091442 0.069623 0.029301 0.036377 0.026707 0.034945 0.031228 0.025526 0.018236 0.014423 0.016264 0.018621 0.019426 0.009312 0.018525 0.011030 0.011635 0.010259 0.009719 0.011340 0.012962 0.008921 0.007662 0.009492 0.008556 0.009519 0.007377 0.007189 0.006289 




