rho_0=0.100000
0.000000 0.000000 0.000000 0.000000 0.000000 0.000000 0.000000 0.000000 0.000000 0.000000 0.000000 0.000000 0.000000 0.000000 0.000000 0.000000 0.000000 0.000000 0.000000 0.000000 0.000000 0.000000 0.000000 0.000000 0.000000 0.000000 0.000000 0.000000 0.000000 0.000000 0.000000 0.000000 0.000000 0.000000 0.000000 0.000000 0.000000 0.000000 0.000000 0.000000 0.000000 0.000000 0.000000 0.000000 0.000000 0.000000 0.000000 0.000000 0.000000 0.000000 0.000000 
0.000000 0.000000 0.000000 0.000000 0.000000 0.000000 0.000000 0.000000 0.000000 0.000000 0.000000 0.000000 0.000000 0.000000 0.000000 0.000000 0.000000 0.000000 0.000000 0.000000 0.000000 0.000000 0.000000 0.000000 0.000000 0.000000 0.000000 0.000000 0.000000 0.000000 0.000000 0.000000 0.000000 0.000000 0.000000 0.000000 0.000000 0.000000 0.000000 0.000000 0.000000 0.000000 0.000000 0.000000 0.000000 0.000000 0.000000 0.016244 0.000000 0.000000 0.000000 
0.000000 0.000000 0.000000 0.000000 0.000000 0.000000 0.000000 0.000000 0.000000 0.000000 0.000000 0.000000 0.000000 0.000000 0.000000 0.000000 0.000000 0.000000 0.000000 0.000000 0.000000 0.000000 0.000000 0.000000 0.000000 0.092150 0.169214 0.085054 0.057206 0.059730 0.035775 0.051279 0.030309 0.029441 0.038622 0.028775 0.035552 0.016848 0.016892 0.016537 0.013316 0.020516 0.015641 0.017242 0.011970 0.011340 0.018204 0.013716 0.010524 0.014650 0.010467 
0.000000 0.000000 0.000000 0.000000 0.000000 0.000000 0.000000 0.000000 0.000000 0.000000 0.000000 0.000000 0.000000 0.000000 0.000000 0.000000 0.293596 0.051760 0.135872 0.050608 0.065829 0.028676 0.018293 0.034058 0.028559 0.015965 0.011808 0.015372 0.012872 0.015411 0.010822 0.013831 0.010276 0.009154 0.009547 0.009105 0.008551 0.008158 0.008202 0.007635 0.008282 0.007215 0.007376 0.005712 0.008438 0.007590 0.006658 0.006749 0.005259 0.005848 0.005217 
0.000000 0.000000 0.000000 0.000000 0.000000 0.000000 0.000000 0.000000 0.000000 0.000000 0.000000 0.000000 0.000000 0.056711 0.067225 0.055030 0.030260 0.043118 0.025276 0.020813 0.015338 0.014128 0.009850 0.010542 0.010159 0.008937 0.008842 0.008868 0.009055 0.007763 0.005875 0.009242 0.007143 0.005627 0.005927 0.006085 0.006015 0.004502 0.005576 0.005232 0.005664 0.005217 0.005155 0.004753 0.005746 0.005033 0.004477 0.004038 0.003737 0.004008 0.004730 
0.000000 0.000000 0.000000 0.000000 0.000000 0.000000 0.000000 0.000000 0.000000 0.000000 0.315159 0.101493 0.040087 0.027648 0.019578 0.017008 0.014371 0.017879 0.009845 0.016438 0.011960 0.008677 0.008182 0.007078 0.006040 0.005202 0.004904 0.006203 0.005741 0.005514 0.005602 0.004816 0.005291 0.004686 0.004165 0.004774 0.004922 0.004337 0.003971 0.003585 0.003729 0.003214 0.004096 0.003356 0.002796 0.003414 0.003815 0.003289 0.003179 0.002808 0.003358 




rho_0=0.900000
0.000000 0.000000 0.000000 0.000000 0.000000 0.000000 0.000000 0.000000 0.000000 0.000000 0.000000 0.000000 0.000000 0.000000 0.000000 0.000000 0.000000 0.000000 0.000000 0.000000 0.000000 0.000000 0.000000 0.000000 0.000000 0.000000 0.000000 0.000000 0.000000 0.000000 0.000000 0.000000 0.000000 0.000000 0.000000 0.000000 0.000000 0.000000 0.000000 0.000000 0.000000 0.000000 0.000000 0.000000 0.000000 0.000000 0.000000 0.000000 0.000000 0.000000 0.000000 
0.000000 0.000000 0.000000 0.000000 0.000000 0.000000 0.000000 0.000000 0.000000 0.000000 0.000000 0.000000 0.000000 0.000000 0.000000 0.000000 0.000000 0.000000 0.000000 0.000000 0.000000 0.000000 0.000000 0.000000 0.000000 0.000000 0.000000 0.000000 0.000000 0.000000 0.000000 0.000000 0.000000 0.000000 0.000000 0.000000 0.000000 0.000000 0.000000 0.000000 0.000000 0.000000 0.000000 0.000000 0.000000 0.000000 0.000000 0.000000 0.000000 0.000000 0.000000 
0.000000 0.000000 0.000000 0.000000 0.000000 0.000000 0.000000 0.000000 0.000000 0.000000 0.000000 0.000000 0.000000 0.000000 0.000000 0.000000 0.000000 0.000000 0.000000 0.000000 0.000000 0.000000 0.000000 0.000000 0.019875 0.206571 0.385857 0.112827 0.098388 0.047055 0.066109 0.047560 0.019900 0.022175 0.034292 0.018286 0.020543 0.015249 0.020032 0.022088 0.020203 0.010862 0.013212 0.015708 0.010664 0.014527 0.013970 0.014666 0.010457 0.008139 0.009644 
0.000000 0.000000 0.000000 0.000000 0.000000 0.000000 0.000000 0.000000 0.000000 0.000000 0.000000 0.000000 0.000000 0.000000 0.000000 0.000000 0.000000 0.109288 0.047542 0.071545 0.036488 0.024357 0.035882 0.026094 0.018081 0.019534 0.021274 0.012633 0.010922 0.011811 0.010642 0.010953 0.010169 0.011348 0.009475 0.009915 0.008692 0.007380 0.007514 0.006509 0.006352 0.006433 0.006679 0.006907 0.006587 0.005731 0.006844 0.005770 0.004851 0.006710 0.006179 
0.000000 0.000000 0.000000 0.000000 0.000000 0.000000 0.000000 0.000000 0.000000 0.000000 0.000000 0.000000 0.229108 0.371120 0.072374 0.056545 0.027282 0.024224 0.031953 0.015719 0.012168 0.016074 0.016720 0.009196 0.011353 0.010500 0.011054 0.009278 0.009371 0.006858 0.007792 0.006737 0.006282 0.006490 0.006797 0.005353 0.004977 0.005134 0.005896 0.005728 0.005268 0.005744 0.004942 0.004683 0.004218 0.004210 0.003782 0.005299 0.004080 0.004104 0.004114 
0.000000 0.000000 0.000000 0.000000 0.000000 0.000000 0.000000 0.000000 0.000000 0.000000 0.387482 0.117923 0.033438 0.023054 0.027698 0.017506 0.011498 0.009781 0.011118 0.007146 0.012103 0.009954 0.008867 0.008249 0.006774 0.006126 0.006369 0.005908 0.006726 0.005975 0.005554 0.005427 0.005444 0.005049 0.003864 0.004728 0.003681 0.004432 0.003400 0.004377 0.003854 0.003265 0.003527 0.004562 0.003443 0.003502 0.003390 0.003176 0.003381 0.003606 0.003519 




